t	y
0.000	0.000
0.034	0.003
0.067	0.013
0.100	0.030
0.134	0.047
0.168	0.065
0.202	0.074
0.235	0.079
0.268	0.074
0.302	0.068
0.335	0.063
0.369	0.061
0.402	0.063
0.436	0.069
0.469	0.078
0.503	0.090
0.537	0.101
0.570	0.110
0.604	0.117
0.637	0.121
0.671	0.123
0.704	0.124
0.738	0.125
0.771	0.129
0.804	0.134
0.838	0.141
0.872	0.148
0.905	0.156
0.939	0.163
0.972	0.170
1.006	0.174
1.039	0.177
1.073	0.179
1.106	0.181
1.140	0.184
1.173	0.188
1.207	0.193
1.241	0.199
1.274	0.205
1.308	0.212
1.341	0.216
1.375	0.220
1.408	0.224
1.442	0.227
1.475	0.230
1.509	0.233
1.542	0.237
1.576	0.241
