t	y
0.000	0.000
0.033	0.004
0.067	0.019
0.100	0.035
0.134	0.045
0.167	0.057
0.201	0.062
0.235	0.059
0.268	0.056
0.302	0.055
0.335	0.055
0.369	0.058
0.402	0.063
0.436	0.070
0.469	0.078
0.503	0.084
0.536	0.089
0.570	0.092
0.604	0.094
0.637	0.095
0.670	0.097
0.704	0.100
0.737	0.104
0.771	0.110
0.804	0.116
0.838	0.121
0.872	0.125
0.905	0.129
0.939	0.132
0.972	0.136
1.006	0.138
1.039	0.142
1.073	0.146
1.106	0.150
1.140	0.155
1.173	0.159
1.207	0.163
1.241	0.168
1.274	0.171
1.308	0.175
1.341	0.179
1.375	0.183
1.408	0.187
1.441	0.192
1.475	0.196
1.508	0.201
1.542	0.204
1.576	0.207
1.609	0.209
1.643	0.211
1.676	0.213
1.710	0.216
1.743	0.219
1.777	0.222
1.810	0.225
1.844	0.229
1.877	0.232
1.911	0.235
1.945	0.238
1.978	0.240
2.012	0.242
2.045	0.246
