t	y
0.000	0.000
0.033	0.005
0.067	0.013
0.100	0.026
0.134	0.036
0.168	0.044
0.201	0.048
0.235	0.048
0.268	0.046
0.302	0.045
0.335	0.046
0.369	0.049
0.402	0.055
0.436	0.062
0.469	0.069
0.503	0.074
0.537	0.078
0.570	0.080
0.604	0.080
0.637	0.082
0.671	0.085
0.704	0.089
0.737	0.094
0.771	0.100
0.805	0.106
0.838	0.111
0.872	0.113
0.905	0.116
0.939	0.118
0.972	0.121
1.006	0.125
1.039	0.130
1.073	0.135
1.106	0.141
1.140	0.145
1.174	0.148
1.207	0.151
1.241	0.153
1.274	0.156
1.308	0.160
1.341	0.163
1.375	0.168
1.408	0.173
1.441	0.177
1.475	0.181
1.509	0.184
1.542	0.185
1.576	0.186
1.609	0.187
1.643	0.189
1.676	0.192
1.710	0.195
1.743	0.198
1.777	0.201
1.810	0.204
1.844	0.206
1.878	0.207
1.911	0.208
1.945	0.209
1.978	0.211
2.012	0.213
2.045	0.216
2.078	0.219
2.112	0.223
2.146	0.226
2.180	0.229
2.213	0.231
2.246	0.234
2.280	0.237
2.313	0.238
2.347	0.241
2.380	0.244
2.414	0.247
2.447	0.249
