t	y
0.000	0.000
0.033	0.005
0.067	0.011
0.101	0.023
0.134	0.033
0.168	0.038
0.201	0.038
0.235	0.036
0.268	0.035
0.302	0.036
0.335	0.039
0.369	0.045
0.403	0.051
0.436	0.057
0.470	0.058
0.503	0.058
0.537	0.058
0.570	0.059
0.604	0.061
0.637	0.065
0.671	0.069
0.704	0.072
0.738	0.076
0.771	0.078
0.805	0.079
0.839	0.081
0.872	0.083
0.905	0.085
0.939	0.089
0.972	0.092
1.006	0.096
1.039	0.099
1.073	0.101
1.107	0.102
1.140	0.105
1.174	0.107
1.207	0.110
1.241	0.113
1.274	0.116
1.308	0.120
1.341	0.122
1.375	0.125
1.408	0.127
1.442	0.129
1.476	0.132
1.509	0.136
1.542	0.138
1.576	0.141
1.609	0.144
1.643	0.147
1.676	0.150
1.710	0.153
1.744	0.156
1.777	0.159
1.811	0.162
1.844	0.165
1.878	0.168
1.911	0.171
1.945	0.174
1.978	0.177
2.012	0.180
2.045	0.183
2.079	0.186
2.113	0.189
2.146	0.192
2.180	0.194
2.213	0.197
2.246	0.200
2.280	0.202
2.313	0.205
2.347	0.207
2.380	0.210
2.414	0.213
2.448	0.215
2.481	0.217
2.515	0.220
2.548	0.222
2.582	0.224
2.615	0.226
2.649	0.228
2.682	0.231
2.716	0.233
2.749	0.236
2.783	0.237
2.817	0.240
2.850	0.242
2.883	0.244
2.917	0.246
2.950	0.249
