t	y
0.000	0.000
0.033	0.003
0.067	0.010
0.100	0.019
0.134	0.019
0.168	0.016
0.201	0.016
0.235	0.017
0.268	0.021
0.302	0.025
0.335	0.027
0.369	0.027
0.402	0.027
0.436	0.029
0.469	0.031
0.503	0.034
0.537	0.035
0.570	0.036
0.603	0.037
0.637	0.038
0.671	0.040
0.704	0.043
0.737	0.044
0.771	0.046
0.804	0.046
0.838	0.048
0.872	0.050
0.905	0.051
0.939	0.052
0.972	0.053
1.006	0.054
1.039	0.055
1.073	0.057
1.106	0.059
1.139	0.060
1.173	0.061
1.207	0.062
1.241	0.063
1.274	0.065
1.308	0.066
1.341	0.068
1.374	0.069
1.408	0.070
1.441	0.072
1.475	0.073
1.509	0.074
1.542	0.076
1.576	0.077
1.609	0.078
1.643	0.079
1.676	0.081
1.710	0.082
1.743	0.084
1.777	0.085
1.810	0.087
1.844	0.088
1.878	0.090
1.911	0.091
1.945	0.092
1.978	0.093
2.011	0.095
2.045	0.096
2.078	0.098
2.112	0.099
2.145	0.101
2.179	0.102
2.213	0.103
2.246	0.105
2.280	0.106
2.313	0.108
2.347	0.109
2.380	0.110
2.414	0.112
2.447	0.113
2.481	0.114
2.514	0.116
2.548	0.117
2.582	0.118
2.615	0.119
2.649	0.120
2.682	0.121
2.716	0.123
2.749	0.125
2.782	0.126
2.816	0.127
2.850	0.128
2.883	0.129
2.917	0.131
2.950	0.132
2.984	0.134
3.017	0.135
3.051	0.137
3.084	0.138
3.118	0.139
3.151	0.141
3.185	0.142
3.219	0.143
3.252	0.145
3.286	0.146
3.319	0.148
3.353	0.149
3.386	0.151
3.419	0.152
3.453	0.154
3.486	0.155
3.520	0.157
3.554	0.158
3.587	0.160
3.621	0.162
3.654	0.163
3.688	0.165
3.721	0.166
3.755	0.167
3.788	0.169
3.822	0.171
3.855	0.173
3.889	0.174
3.923	0.176
3.956	0.177
3.990	0.178
4.023	0.180
4.057	0.181
4.090	0.183
4.123	0.184
4.157	0.185
4.191	0.187
4.224	0.189
4.258	0.191
4.291	0.192
4.325	0.193
4.358	0.194
4.392	0.196
4.425	0.197
4.459	0.198
4.492	0.199
4.526	0.201
4.560	0.203
4.593	0.204
4.627	0.205
4.660	0.205
4.694	0.206
4.727	0.207
4.761	0.210
4.794	0.211
4.827	0.212
4.861	0.213
4.895	0.213
4.928	0.215
4.962	0.216
4.995	0.217
5.029	0.219
5.062	0.220
5.096	0.221
5.129	0.221
5.163	0.223
5.196	0.224
5.230	0.225
5.264	0.226
5.297	0.226
5.331	0.227
5.364	0.228
5.398	0.229
5.431	0.230
5.464	0.232
5.498	0.233
5.532	0.233
5.565	0.234
5.599	0.235
5.632	0.236
5.666	0.237
5.699	0.238
5.733	0.239
5.766	0.240
5.800	0.241
5.833	0.242
5.867	0.243
5.901	0.244
5.934	0.245
5.968	0.246
6.001	0.247
6.035	0.248
6.068	0.249
6.101	0.250
6.135	0.251
6.169	0.252
6.202	0.253
